{
 "cells": [
  {
   "cell_type": "markdown",
   "metadata": {},
   "source": [
    "# Gelman Schools, end to end\n",
    "\n",
    "##### Keywords: energy, hamiltonian monte carlo, NUTS, leapfrog, canonical distribution, microcanonical distribution, transition distribution, marginal energy distribution, data augmentation, classical mechanics, detailed balance, statistical mechanics, divergences, step-size, non-centered hierarchical model, hierarchical"
   ]
  },
  {
   "cell_type": "code",
   "execution_count": 1,
   "metadata": {},
   "outputs": [],
   "source": [
    "%matplotlib inline\n",
    "import numpy as np\n",
    "import scipy as sp\n",
    "import matplotlib as mpl\n",
    "import matplotlib.cm as cm\n",
    "import matplotlib.pyplot as plt\n",
    "import pandas as pd\n",
    "pd.set_option('display.width', 500)\n",
    "pd.set_option('display.max_columns', 100)\n",
    "pd.set_option('display.notebook_repr_html', True)\n",
    "import seaborn as sns\n",
    "sns.set_style(\"whitegrid\")\n",
    "sns.set_context(\"poster\")\n",
    "import pymc3 as pm"
   ]
  },
  {
   "cell_type": "code",
   "execution_count": 2,
   "metadata": {},
   "outputs": [],
   "source": [
    "import arviz as az"
   ]
  },
  {
   "cell_type": "markdown",
   "metadata": {},
   "source": [
    "## Centered parametrization\n",
    "\n",
    "We'll set up the modelled in what is called a \"Centered\" parametrization which tells us how $\\theta_i$ is modelled: it is written to be directly dependent as a normal distribution from the hyper-parameters. "
   ]
  },
  {
   "cell_type": "code",
   "execution_count": 3,
   "metadata": {},
   "outputs": [],
   "source": [
    "J = 8\n",
    "y = np.array([28,  8, -3,  7, -1,  1, 18, 12])\n",
    "sigma = np.array([15, 10, 16, 11,  9, 11, 10, 18])"
   ]
  },
  {
   "cell_type": "markdown",
   "metadata": {},
   "source": [
    "We set up our priors in a Hierarchical model to use this centered parametrization. We can say: the $\\theta_j$ is drawn from a Normal hyper-prior distribution with parameters $\\mu$ and $\\tau$. Once we get a $\\theta_j$ then can draw the means from it given the data $\\sigma_j$ and one such draw corresponds to our data."
   ]
  },
  {
   "cell_type": "markdown",
   "metadata": {},
   "source": [
    "$$\n",
    "\\mu \\sim \\mathcal{N}(0, 5)\\\\\n",
    "\\tau \\sim \\text{Half-Cauchy}(0, 5)\\\\\n",
    "\\theta_{j} \\sim \\mathcal{N}(\\mu, \\tau)\\\\\n",
    "\\bar{y_{j}} \\sim \\mathcal{N}(\\theta_{j}, \\sigma_{j})\n",
    "$$\n",
    "\n",
    "where $j \\in \\{1, \\ldots, 8 \\}$ and the\n",
    "$\\{ y_{j}, \\sigma_{j} \\}$ are given as data"
   ]
  },
  {
   "cell_type": "code",
   "execution_count": 4,
   "metadata": {},
   "outputs": [],
   "source": [
    "with pm.Model() as schools1:\n",
    "\n",
    "    mu = pm.Normal('mu', 0, sd=5)\n",
    "    tau = pm.HalfCauchy('tau', beta=5)\n",
    "    theta = pm.Normal('theta', mu=mu, sd=tau, shape=J)\n",
    "    obs = pm.Normal('obs', mu=theta, sd=sigma, observed=y) # prod_i\n",
    "    # from space of all possible, narrow down to observed\n",
    "    # give me params consistent w/actual dataset\n",
    "    # likelihood is constraint on general model"
   ]
  },
  {
   "cell_type": "code",
   "execution_count": 5,
   "metadata": {},
   "outputs": [
    {
     "name": "stderr",
     "output_type": "stream",
     "text": [
      "Auto-assigning NUTS sampler...\n",
      "Initializing NUTS using jitter+adapt_diag...\n",
      "Multiprocess sampling (4 chains in 4 jobs)\n",
      "NUTS: [theta, tau, mu]\n",
      "Sampling 4 chains: 100%|██████████| 42000/42000 [00:35<00:00, 1186.11draws/s]\n",
      "There were 428 divergences after tuning. Increase `target_accept` or reparameterize.\n",
      "There were 158 divergences after tuning. Increase `target_accept` or reparameterize.\n",
      "There were 303 divergences after tuning. Increase `target_accept` or reparameterize.\n",
      "There were 234 divergences after tuning. Increase `target_accept` or reparameterize.\n",
      "The acceptance probability does not match the target. It is 0.7188501121130205, but should be close to 0.8. Try to increase the number of tuning steps.\n",
      "The number of effective samples is smaller than 10% for some parameters.\n"
     ]
    }
   ],
   "source": [
    "with schools1:\n",
    "    trace1 = pm.sample(10000)"
   ]
  },
  {
   "cell_type": "code",
   "execution_count": 6,
   "metadata": {
    "collapsed": true
   },
   "outputs": [],
   "source": [
    "#TODO: ARVIZ, E-BFMI"
   ]
  },
  {
   "cell_type": "code",
   "execution_count": 6,
   "metadata": {},
   "outputs": [
    {
     "data": {
      "text/html": [
       "<div>\n",
       "<style scoped>\n",
       "    .dataframe tbody tr th:only-of-type {\n",
       "        vertical-align: middle;\n",
       "    }\n",
       "\n",
       "    .dataframe tbody tr th {\n",
       "        vertical-align: top;\n",
       "    }\n",
       "\n",
       "    .dataframe thead th {\n",
       "        text-align: right;\n",
       "    }\n",
       "</style>\n",
       "<table border=\"1\" class=\"dataframe\">\n",
       "  <thead>\n",
       "    <tr style=\"text-align: right;\">\n",
       "      <th></th>\n",
       "      <th>mean</th>\n",
       "      <th>sd</th>\n",
       "      <th>mc_error</th>\n",
       "      <th>hpd_2.5</th>\n",
       "      <th>hpd_97.5</th>\n",
       "      <th>n_eff</th>\n",
       "      <th>Rhat</th>\n",
       "    </tr>\n",
       "  </thead>\n",
       "  <tbody>\n",
       "    <tr>\n",
       "      <th>mu</th>\n",
       "      <td>4.191125</td>\n",
       "      <td>3.373907</td>\n",
       "      <td>0.086837</td>\n",
       "      <td>-2.318954</td>\n",
       "      <td>10.577335</td>\n",
       "      <td>1266.403727</td>\n",
       "      <td>1.002242</td>\n",
       "    </tr>\n",
       "    <tr>\n",
       "      <th>theta__0</th>\n",
       "      <td>6.310926</td>\n",
       "      <td>5.905324</td>\n",
       "      <td>0.116231</td>\n",
       "      <td>-4.599537</td>\n",
       "      <td>18.468575</td>\n",
       "      <td>2456.458168</td>\n",
       "      <td>1.000284</td>\n",
       "    </tr>\n",
       "    <tr>\n",
       "      <th>theta__1</th>\n",
       "      <td>4.847661</td>\n",
       "      <td>4.954580</td>\n",
       "      <td>0.099006</td>\n",
       "      <td>-4.821403</td>\n",
       "      <td>14.727513</td>\n",
       "      <td>2183.334724</td>\n",
       "      <td>1.001106</td>\n",
       "    </tr>\n",
       "    <tr>\n",
       "      <th>theta__2</th>\n",
       "      <td>3.650866</td>\n",
       "      <td>5.451915</td>\n",
       "      <td>0.086431</td>\n",
       "      <td>-7.715679</td>\n",
       "      <td>14.077870</td>\n",
       "      <td>4146.405198</td>\n",
       "      <td>1.000927</td>\n",
       "    </tr>\n",
       "    <tr>\n",
       "      <th>theta__3</th>\n",
       "      <td>4.598997</td>\n",
       "      <td>5.024377</td>\n",
       "      <td>0.090571</td>\n",
       "      <td>-5.214419</td>\n",
       "      <td>14.845479</td>\n",
       "      <td>3021.677287</td>\n",
       "      <td>1.000466</td>\n",
       "    </tr>\n",
       "    <tr>\n",
       "      <th>theta__4</th>\n",
       "      <td>3.295334</td>\n",
       "      <td>4.853435</td>\n",
       "      <td>0.085058</td>\n",
       "      <td>-6.380895</td>\n",
       "      <td>12.908838</td>\n",
       "      <td>3073.415394</td>\n",
       "      <td>1.000962</td>\n",
       "    </tr>\n",
       "    <tr>\n",
       "      <th>theta__5</th>\n",
       "      <td>3.758862</td>\n",
       "      <td>5.057417</td>\n",
       "      <td>0.086855</td>\n",
       "      <td>-6.108873</td>\n",
       "      <td>14.048322</td>\n",
       "      <td>3544.261572</td>\n",
       "      <td>1.001249</td>\n",
       "    </tr>\n",
       "    <tr>\n",
       "      <th>theta__6</th>\n",
       "      <td>6.420679</td>\n",
       "      <td>5.349876</td>\n",
       "      <td>0.117386</td>\n",
       "      <td>-3.796100</td>\n",
       "      <td>17.071702</td>\n",
       "      <td>1892.063640</td>\n",
       "      <td>1.000698</td>\n",
       "    </tr>\n",
       "    <tr>\n",
       "      <th>theta__7</th>\n",
       "      <td>4.703002</td>\n",
       "      <td>5.537447</td>\n",
       "      <td>0.098580</td>\n",
       "      <td>-6.581971</td>\n",
       "      <td>15.731135</td>\n",
       "      <td>3280.902994</td>\n",
       "      <td>1.000770</td>\n",
       "    </tr>\n",
       "    <tr>\n",
       "      <th>tau</th>\n",
       "      <td>4.122729</td>\n",
       "      <td>3.170941</td>\n",
       "      <td>0.078526</td>\n",
       "      <td>0.632673</td>\n",
       "      <td>10.248272</td>\n",
       "      <td>1572.160468</td>\n",
       "      <td>1.000204</td>\n",
       "    </tr>\n",
       "  </tbody>\n",
       "</table>\n",
       "</div>"
      ],
      "text/plain": [
       "              mean        sd  mc_error   hpd_2.5   hpd_97.5        n_eff      Rhat\n",
       "mu        4.191125  3.373907  0.086837 -2.318954  10.577335  1266.403727  1.002242\n",
       "theta__0  6.310926  5.905324  0.116231 -4.599537  18.468575  2456.458168  1.000284\n",
       "theta__1  4.847661  4.954580  0.099006 -4.821403  14.727513  2183.334724  1.001106\n",
       "theta__2  3.650866  5.451915  0.086431 -7.715679  14.077870  4146.405198  1.000927\n",
       "theta__3  4.598997  5.024377  0.090571 -5.214419  14.845479  3021.677287  1.000466\n",
       "theta__4  3.295334  4.853435  0.085058 -6.380895  12.908838  3073.415394  1.000962\n",
       "theta__5  3.758862  5.057417  0.086855 -6.108873  14.048322  3544.261572  1.001249\n",
       "theta__6  6.420679  5.349876  0.117386 -3.796100  17.071702  1892.063640  1.000698\n",
       "theta__7  4.703002  5.537447  0.098580 -6.581971  15.731135  3280.902994  1.000770\n",
       "tau       4.122729  3.170941  0.078526  0.632673  10.248272  1572.160468  1.000204"
      ]
     },
     "execution_count": 6,
     "metadata": {},
     "output_type": "execute_result"
    }
   ],
   "source": [
    "pm.summary(trace1)"
   ]
  },
  {
   "cell_type": "code",
   "execution_count": 7,
   "metadata": {},
   "outputs": [
    {
     "data": {
      "text/html": [
       "<div>\n",
       "<style scoped>\n",
       "    .dataframe tbody tr th:only-of-type {\n",
       "        vertical-align: middle;\n",
       "    }\n",
       "\n",
       "    .dataframe tbody tr th {\n",
       "        vertical-align: top;\n",
       "    }\n",
       "\n",
       "    .dataframe thead th {\n",
       "        text-align: right;\n",
       "    }\n",
       "</style>\n",
       "<table border=\"1\" class=\"dataframe\">\n",
       "  <thead>\n",
       "    <tr style=\"text-align: right;\">\n",
       "      <th></th>\n",
       "      <th>mu</th>\n",
       "      <th>theta__0</th>\n",
       "      <th>theta__1</th>\n",
       "      <th>theta__2</th>\n",
       "      <th>theta__3</th>\n",
       "      <th>theta__4</th>\n",
       "      <th>theta__5</th>\n",
       "      <th>theta__6</th>\n",
       "      <th>theta__7</th>\n",
       "      <th>tau</th>\n",
       "    </tr>\n",
       "  </thead>\n",
       "  <tbody>\n",
       "    <tr>\n",
       "      <th>mu</th>\n",
       "      <td>1.000000</td>\n",
       "      <td>0.471560</td>\n",
       "      <td>0.559606</td>\n",
       "      <td>0.559324</td>\n",
       "      <td>0.557504</td>\n",
       "      <td>0.572084</td>\n",
       "      <td>0.578319</td>\n",
       "      <td>0.495922</td>\n",
       "      <td>0.548513</td>\n",
       "      <td>-0.062676</td>\n",
       "    </tr>\n",
       "    <tr>\n",
       "      <th>theta__0</th>\n",
       "      <td>0.471560</td>\n",
       "      <td>1.000000</td>\n",
       "      <td>0.328855</td>\n",
       "      <td>0.225401</td>\n",
       "      <td>0.300305</td>\n",
       "      <td>0.200342</td>\n",
       "      <td>0.242038</td>\n",
       "      <td>0.437043</td>\n",
       "      <td>0.314564</td>\n",
       "      <td>0.411470</td>\n",
       "    </tr>\n",
       "    <tr>\n",
       "      <th>theta__1</th>\n",
       "      <td>0.559606</td>\n",
       "      <td>0.328855</td>\n",
       "      <td>1.000000</td>\n",
       "      <td>0.322129</td>\n",
       "      <td>0.332938</td>\n",
       "      <td>0.313782</td>\n",
       "      <td>0.330957</td>\n",
       "      <td>0.358373</td>\n",
       "      <td>0.331234</td>\n",
       "      <td>0.106015</td>\n",
       "    </tr>\n",
       "    <tr>\n",
       "      <th>theta__2</th>\n",
       "      <td>0.559324</td>\n",
       "      <td>0.225401</td>\n",
       "      <td>0.322129</td>\n",
       "      <td>1.000000</td>\n",
       "      <td>0.294659</td>\n",
       "      <td>0.354494</td>\n",
       "      <td>0.331523</td>\n",
       "      <td>0.240985</td>\n",
       "      <td>0.295709</td>\n",
       "      <td>-0.150241</td>\n",
       "    </tr>\n",
       "    <tr>\n",
       "      <th>theta__3</th>\n",
       "      <td>0.557504</td>\n",
       "      <td>0.300305</td>\n",
       "      <td>0.332938</td>\n",
       "      <td>0.294659</td>\n",
       "      <td>1.000000</td>\n",
       "      <td>0.320643</td>\n",
       "      <td>0.334144</td>\n",
       "      <td>0.324912</td>\n",
       "      <td>0.320861</td>\n",
       "      <td>0.046681</td>\n",
       "    </tr>\n",
       "    <tr>\n",
       "      <th>theta__4</th>\n",
       "      <td>0.572084</td>\n",
       "      <td>0.200342</td>\n",
       "      <td>0.313782</td>\n",
       "      <td>0.354494</td>\n",
       "      <td>0.320643</td>\n",
       "      <td>1.000000</td>\n",
       "      <td>0.353431</td>\n",
       "      <td>0.215561</td>\n",
       "      <td>0.304980</td>\n",
       "      <td>-0.206994</td>\n",
       "    </tr>\n",
       "    <tr>\n",
       "      <th>theta__5</th>\n",
       "      <td>0.578319</td>\n",
       "      <td>0.242038</td>\n",
       "      <td>0.330957</td>\n",
       "      <td>0.331523</td>\n",
       "      <td>0.334144</td>\n",
       "      <td>0.353431</td>\n",
       "      <td>1.000000</td>\n",
       "      <td>0.263540</td>\n",
       "      <td>0.312229</td>\n",
       "      <td>-0.117426</td>\n",
       "    </tr>\n",
       "    <tr>\n",
       "      <th>theta__6</th>\n",
       "      <td>0.495922</td>\n",
       "      <td>0.437043</td>\n",
       "      <td>0.358373</td>\n",
       "      <td>0.240985</td>\n",
       "      <td>0.324912</td>\n",
       "      <td>0.215561</td>\n",
       "      <td>0.263540</td>\n",
       "      <td>1.000000</td>\n",
       "      <td>0.331900</td>\n",
       "      <td>0.404863</td>\n",
       "    </tr>\n",
       "    <tr>\n",
       "      <th>theta__7</th>\n",
       "      <td>0.548513</td>\n",
       "      <td>0.314564</td>\n",
       "      <td>0.331234</td>\n",
       "      <td>0.295709</td>\n",
       "      <td>0.320861</td>\n",
       "      <td>0.304980</td>\n",
       "      <td>0.312229</td>\n",
       "      <td>0.331900</td>\n",
       "      <td>1.000000</td>\n",
       "      <td>0.098877</td>\n",
       "    </tr>\n",
       "    <tr>\n",
       "      <th>tau</th>\n",
       "      <td>-0.062676</td>\n",
       "      <td>0.411470</td>\n",
       "      <td>0.106015</td>\n",
       "      <td>-0.150241</td>\n",
       "      <td>0.046681</td>\n",
       "      <td>-0.206994</td>\n",
       "      <td>-0.117426</td>\n",
       "      <td>0.404863</td>\n",
       "      <td>0.098877</td>\n",
       "      <td>1.000000</td>\n",
       "    </tr>\n",
       "  </tbody>\n",
       "</table>\n",
       "</div>"
      ],
      "text/plain": [
       "                mu  theta__0  theta__1  theta__2  theta__3  theta__4  theta__5  theta__6  theta__7       tau\n",
       "mu        1.000000  0.471560  0.559606  0.559324  0.557504  0.572084  0.578319  0.495922  0.548513 -0.062676\n",
       "theta__0  0.471560  1.000000  0.328855  0.225401  0.300305  0.200342  0.242038  0.437043  0.314564  0.411470\n",
       "theta__1  0.559606  0.328855  1.000000  0.322129  0.332938  0.313782  0.330957  0.358373  0.331234  0.106015\n",
       "theta__2  0.559324  0.225401  0.322129  1.000000  0.294659  0.354494  0.331523  0.240985  0.295709 -0.150241\n",
       "theta__3  0.557504  0.300305  0.332938  0.294659  1.000000  0.320643  0.334144  0.324912  0.320861  0.046681\n",
       "theta__4  0.572084  0.200342  0.313782  0.354494  0.320643  1.000000  0.353431  0.215561  0.304980 -0.206994\n",
       "theta__5  0.578319  0.242038  0.330957  0.331523  0.334144  0.353431  1.000000  0.263540  0.312229 -0.117426\n",
       "theta__6  0.495922  0.437043  0.358373  0.240985  0.324912  0.215561  0.263540  1.000000  0.331900  0.404863\n",
       "theta__7  0.548513  0.314564  0.331234  0.295709  0.320861  0.304980  0.312229  0.331900  1.000000  0.098877\n",
       "tau      -0.062676  0.411470  0.106015 -0.150241  0.046681 -0.206994 -0.117426  0.404863  0.098877  1.000000"
      ]
     },
     "execution_count": 7,
     "metadata": {},
     "output_type": "execute_result"
    }
   ],
   "source": [
    "pm.trace_to_dataframe(trace1).corr()"
   ]
  },
  {
   "cell_type": "code",
   "execution_count": 9,
   "metadata": {},
   "outputs": [
    {
     "data": {
      "image/svg+xml": [
       "<?xml version=\"1.0\" encoding=\"UTF-8\" standalone=\"no\"?>\n",
       "<!DOCTYPE svg PUBLIC \"-//W3C//DTD SVG 1.1//EN\"\n",
       " \"http://www.w3.org/Graphics/SVG/1.1/DTD/svg11.dtd\">\n",
       "<!-- Generated by graphviz version 2.40.1 (20161225.0304)\n",
       " -->\n",
       "<!-- Title: %3 Pages: 1 -->\n",
       "<svg width=\"296pt\" height=\"227pt\"\n",
       " viewBox=\"0.00 0.00 296.19 227.00\" xmlns=\"http://www.w3.org/2000/svg\" xmlns:xlink=\"http://www.w3.org/1999/xlink\">\n",
       "<g id=\"graph0\" class=\"graph\" transform=\"scale(1 1) rotate(0) translate(4 223)\">\n",
       "<title>%3</title>\n",
       "<polygon fill=\"#ffffff\" stroke=\"transparent\" points=\"-4,4 -4,-223 292.188,-223 292.188,4 -4,4\"/>\n",
       "<g id=\"clust1\" class=\"cluster\">\n",
       "<title>cluster8</title>\n",
       "<path fill=\"none\" stroke=\"#000000\" d=\"M73.7947,-8C73.7947,-8 197.7947,-8 197.7947,-8 203.7947,-8 209.7947,-14 209.7947,-20 209.7947,-20 209.7947,-143 209.7947,-143 209.7947,-149 203.7947,-155 197.7947,-155 197.7947,-155 73.7947,-155 73.7947,-155 67.7947,-155 61.7947,-149 61.7947,-143 61.7947,-143 61.7947,-20 61.7947,-20 61.7947,-14 67.7947,-8 73.7947,-8\"/>\n",
       "<text text-anchor=\"middle\" x=\"197.7947\" y=\"-15.8\" font-family=\"Times,serif\" font-size=\"14.00\" fill=\"#000000\">8</text>\n",
       "</g>\n",
       "<!-- mu -->\n",
       "<g id=\"node1\" class=\"node\">\n",
       "<title>mu</title>\n",
       "<ellipse fill=\"none\" stroke=\"#000000\" cx=\"59.7947\" cy=\"-201\" rx=\"59.5901\" ry=\"18\"/>\n",
       "<text text-anchor=\"middle\" x=\"59.7947\" y=\"-197.3\" font-family=\"Times,serif\" font-size=\"14.00\" fill=\"#000000\">mu ~ Normal</text>\n",
       "</g>\n",
       "<!-- theta -->\n",
       "<g id=\"node4\" class=\"node\">\n",
       "<title>theta</title>\n",
       "<ellipse fill=\"none\" stroke=\"#000000\" cx=\"135.7947\" cy=\"-129\" rx=\"65.7887\" ry=\"18\"/>\n",
       "<text text-anchor=\"middle\" x=\"135.7947\" y=\"-125.3\" font-family=\"Times,serif\" font-size=\"14.00\" fill=\"#000000\">theta ~ Normal</text>\n",
       "</g>\n",
       "<!-- mu&#45;&gt;theta -->\n",
       "<g id=\"edge1\" class=\"edge\">\n",
       "<title>mu&#45;&gt;theta</title>\n",
       "<path fill=\"none\" stroke=\"#000000\" d=\"M78.1922,-183.5708C87.7368,-174.5286 99.5534,-163.3338 109.9952,-153.4417\"/>\n",
       "<polygon fill=\"#000000\" stroke=\"#000000\" points=\"112.4508,-155.9366 117.3032,-146.5182 107.6365,-150.8549 112.4508,-155.9366\"/>\n",
       "</g>\n",
       "<!-- tau -->\n",
       "<g id=\"node2\" class=\"node\">\n",
       "<title>tau</title>\n",
       "<ellipse fill=\"none\" stroke=\"#000000\" cx=\"212.7947\" cy=\"-201\" rx=\"75.2868\" ry=\"18\"/>\n",
       "<text text-anchor=\"middle\" x=\"212.7947\" y=\"-197.3\" font-family=\"Times,serif\" font-size=\"14.00\" fill=\"#000000\">tau ~ HalfCauchy</text>\n",
       "</g>\n",
       "<!-- tau&#45;&gt;theta -->\n",
       "<g id=\"edge2\" class=\"edge\">\n",
       "<title>tau&#45;&gt;theta</title>\n",
       "<path fill=\"none\" stroke=\"#000000\" d=\"M193.761,-183.2022C184.0851,-174.1546 172.183,-163.0255 161.6865,-153.2105\"/>\n",
       "<polygon fill=\"#000000\" stroke=\"#000000\" points=\"164.0385,-150.6181 154.3438,-146.3446 159.2575,-155.731 164.0385,-150.6181\"/>\n",
       "</g>\n",
       "<!-- obs -->\n",
       "<g id=\"node3\" class=\"node\">\n",
       "<title>obs</title>\n",
       "<ellipse fill=\"#d3d3d3\" stroke=\"#000000\" cx=\"135.7947\" cy=\"-57\" rx=\"60.3893\" ry=\"18\"/>\n",
       "<text text-anchor=\"middle\" x=\"135.7947\" y=\"-53.3\" font-family=\"Times,serif\" font-size=\"14.00\" fill=\"#000000\">obs ~ Normal</text>\n",
       "</g>\n",
       "<!-- theta&#45;&gt;obs -->\n",
       "<g id=\"edge3\" class=\"edge\">\n",
       "<title>theta&#45;&gt;obs</title>\n",
       "<path fill=\"none\" stroke=\"#000000\" d=\"M135.7947,-110.8314C135.7947,-103.131 135.7947,-93.9743 135.7947,-85.4166\"/>\n",
       "<polygon fill=\"#000000\" stroke=\"#000000\" points=\"139.2948,-85.4132 135.7947,-75.4133 132.2948,-85.4133 139.2948,-85.4132\"/>\n",
       "</g>\n",
       "</g>\n",
       "</svg>\n"
      ],
      "text/plain": [
       "<graphviz.dot.Digraph at 0x103c1d208>"
      ]
     },
     "execution_count": 9,
     "metadata": {},
     "output_type": "execute_result"
    }
   ],
   "source": [
    "pm.model_to_graphviz(schools1)"
   ]
  },
  {
   "cell_type": "markdown",
   "metadata": {},
   "source": [
    "The Gelman-Rubin statistic seems fine, but notice how small the effective-n's are? Something is not quite right. Lets see traceplots. Also notice the strong correlations between some $\\theta$s and $\\tau$ and some $\\theta$s and $\\mu$ (which means high curvature)."
   ]
  },
  {
   "cell_type": "code",
   "execution_count": 10,
   "metadata": {},
   "outputs": [
    {
     "name": "stderr",
     "output_type": "stream",
     "text": [
      "/Users/user/anaconda3/lib/python3.7/site-packages/matplotlib/axes/_base.py:3455: MatplotlibDeprecationWarning: \n",
      "The `ymin` argument was deprecated in Matplotlib 3.0 and will be removed in 3.2. Use `bottom` instead.\n",
      "  alternative='`bottom`', obj_type='argument')\n",
      "/Users/user/anaconda3/lib/python3.7/site-packages/matplotlib/axes/_base.py:3455: MatplotlibDeprecationWarning: \n",
      "The `ymin` argument was deprecated in Matplotlib 3.0 and will be removed in 3.2. Use `bottom` instead.\n",
      "  alternative='`bottom`', obj_type='argument')\n",
      "/Users/user/anaconda3/lib/python3.7/site-packages/matplotlib/axes/_base.py:3455: MatplotlibDeprecationWarning: \n",
      "The `ymin` argument was deprecated in Matplotlib 3.0 and will be removed in 3.2. Use `bottom` instead.\n",
      "  alternative='`bottom`', obj_type='argument')\n"
     ]
    },
    {
     "data": {
